5820
4931
3890
7365
5825
1305
4267
2866
5844
4925
1360
4791
7215
7357
0831
7443
2283
1572
2958
4969
2855
4463
1870
7143
7033
2815
7339
6100
4933
2360
6654
3925
2374
7031
4850
4837
1970
6609
5164
6716
4513
4460
5681
5714
2621
6305
3590
3798
4995
0517
2721
1163
0009
1819
4003
3533
5499
3077
7201
0781
4643
1036
4993
4703
6718
1555
3841
0960
1689
5764
6042
6454
6101
6056
4491
0662
6597
6793
4539
3400
2582
2709
6747
5665
0528
6086
6960
4942
5490
3062
5978
7314
6877
5733
3723
1455
4688
5557
6420
7040
5757
2636
2665
1677
3706
1016
5009
2908
1037
0327
5922
3771
6528
1872
6379
4044
5847
6904
4433
0354
5632
6292
3663
4122
3510
6458
0473
5988
2091
0878
5773
3588
5581
1025
7412
5567
2612
4326
6325
7453
5386
5872
4591
3420
0710
4074
3460
7278
3985
5560
0566
1213
3611
6214
2287
2701
2387
3305
3808
4855
0202
7328
4815
3737
6208
5264
5545
2600
0536
3933
3055
6005
4413
3703
2096
5816
2771
7111
2333
5566
5554
2070
2714
4180
1956
2037
2705
6286
2021
0934
6720
4929
5190
4839
2378
5609
5053
2515
3696
1576
3847
6494
7219
7424
4551
2736
4424
1073
7146
1182
7160
3854
2026
6879
5161
5078
6017
6730
6650
4425
6105
3246
5708
1348
1084
1089
3954
2850
0297
3785
0578
5648
0359
6655
4535
3612
5245
2382
7354
1112
0850
7035
3473
5629
1518
6888
6977
5719
1243
2934
3777
5925
7410
2748
2948
1259
3532
7239
2917
4471
7262
6593
1268
7132
4506
6358
1269
3477
6293
7193
1355
2833
3774
5026
5457
5701
4260
2354
1844
2072
4827
2513
2943
4858
2974
4333
4743
0032
0868
0412
2471
4684
5833
2729
7363
0823
1874
4737
6890
2538
5466
0912
1069
5357
4633
4552
4347
3425
4237
5791
6610
3138
7407
7242
0417
5080
0733
1673
5021
0017
6876
3235
6429
4114
3823
4935
6889
1978
6871
7332
5288
0049
0630
7104
4802
5616
2533
0306
2242
3049
1291
6000
4536
2274
5113
3238
3871
5038
2966
6620
6134
7273
5754
1068
4804
0490
4145
0886
4807
5734
1715
4134
0278
2858
2781
4599
5625
1636
6156
2352
4212
6141
2248
0228
5275
0709
0311
4295
3967
0386
1639
0990
3019
1585
6312
4615
6478
3143
1972
3081
2314
2853
0925
3122
2602
1151
1770
1583
3264
1148
6539
4733
4546
6820
3161
4370
5429
0431
1908
6088
4790
1442
2856
6736
2067
1621
2340
2100
4965
6315
5813
2749
7129
2247
7140
1577
2008
3357
0229
0282
7142
7119
6157
5683
1253
5389
3694
2574
2526
6258
5271
0163
1323
5857
0939
1778
3384
0908
4959
5594
2317
1861
2615
1178
5470
6722
7015
6707
5979
5909
2220
0507
0317
0555
3285
4631
7389
0480
3080
7002
3137
3899
4459
2131
6474
0730
6617
6337
0793
6050
0029
0190
1134
5994
1460
7170
1947
5772
2933
1052
2235
1380
4967
1491
1258
3535
5900
6936
0322
5746
5595
6340
0195
6222
4512
0955
3874
5651
4075
4558
2428
2635
1439
4356
4138
5698
0633
3488
7202
2179
5397
4838
2071
5572
1237
1766
5884
0233
5982
0653
4592
5649
3742
1356
0718
7058
4416
3917
4808
0838
2847
2027
1454
0546
6425
5696
3825
6657
1466
3109
2284
4641
3505
3597
3040
2746
3647
0864
1694
2553
4002
0292
2132
0172
6680
1449
0685
4409
3302
0194
5364
4434
4680
1223
4926
5451
6784
5712
7101
5152
2790
3641
4943
4397
7430
6142
3700
7080
5989
3526
3544
2578
0534
5854
1661
2329
4273
1503
6250
2888
4330
7068
5954
3458
2455
7064
2512
6884
5153
1794
1894
4577
3758
6448
3146
0621
1552
1842
5945
6599
5518
6127
0331
3483
1883
4505
3063
0095
6831
7020
0066
5628
3902
2149
4895
5419
6280
6436
5942
5146
4934
2973
3111
0548
3067
1875
4914
5310
6451
6202
7380
0005
6375
0435
6472
0678
2697
7232
1181
0901
5296
2807
1196
6509
0852
4875
0758
7352
2306
4021
6521
7061
5796
2745
0482
6763
5437
0219
4469
1468
5602
5553
2083
2210
7183
4411
7046
5956
7224
5315
4575
3114
3973
3664
2253
2053
2924
0531
3710
6447
1474
3943
4723
4670
4660
0530
3501
3262
0131
0447
3456
4372
2566
2227
0725
1250
5958
6148
6880
4039
3880
3509
7276
4389
6406
4182
6734
5126
3281
2043
3421
3830
4873
0926
4366
7294
1000
5319
6801
5614
4187
2928
2926
1843
3643
0139
5194
3784
5862
5809
4493
5508
6002
6792
1446
3056
6463
7350
1340
0774
0978
1070
6138
0492
3941
2555
1185
2903
7059
3319
6020
2177
6228
4072
6133
2887
1136
1131
4309
2240
6947
0626
3491
2706
2724
4911
5360
2303
0753
4167
2679
0310
6009
6524
2544
4988
4829
1726
3301
3175
5304
5414
1376
3341
5774
6817
2133
6424
5211
0539
2666
2086
1719
3962
2826
1802
1604
1525
2673
4211
5263
6099
5821
0347
3041
4274
3548
0778
1103
3349
4265
1008
0812
4321
4972
5448
3649
5253
0836
0012
3184
2474
5669
6806
6602
4719
3625
3457
6864
3170
1203
3052
5197
3243
2170
0625
1438
6171
4630
1132
4063
0681
1623
0249
0931
4501
4613
3922
1741
0980
3801
3726
7085
1062
0582
6549
0687
6154
1403
6198
0161
4200
4560
4656
6591
2873
6895
4944
5018
4153
0813
4538
4367
1973
3812
2380
1514
2482
1333
6087
7340
6986
4817
5964
1308
3616
6497
3677
4726
1914
7295
6973
1464
6769
0438
3051
5287
1191
2151
6912
4866
6363
1146
0550
4028
6664
6955
3271
6922
1773
0843
3994
5210
4666
0363
0128
4886
3099
7397
3502
2127
1877
0434
7108
6176
2741
3196
0191
1593
0047
1771
0760
0116
1229
2519
0158
0845
4792
0199
3598
6165
3356
4322
1487
4419
6577
2318
3721
6402
2642
0243
7205
6033
6883
0426
5238
2200
6010
0073
2980
4179
1480
1616
2381
6075
0277
6179
0356
2813
5221
1317
4657
1412
5702
6559
3286
1539
3369
4272
0943
5874
5938
2543
6541
4581
6796
5515
1876
4732
2035
5058
1628
5663
5005
4601
2358
1497
3730
2117
4386
4336
3861
5591
2342
5907
0585
5273
5690
0048
2563
6726
0937
2300
3842
4772
6371
3381
4387
1215
3214
1467
7229
5652
2793
1138
2229
4820
5035
3018
4315
1748
4341
4462
4649
4861
0008
6588
0030
1499
2816
3912
1950
2349
2271
3363
1443
0234
7078
0723
6644
3125
1898
0041
6766
3225
6271
0369
6391
2450
0819
6121
6760
6303
2231
3233
